


Movie Lens 100K :
Mu:
[[3.91957262 3.22330097 3.00000024 ... 0.         3.         3.        ]
 [2.7971946  1.         0.         ... 0.         0.         0.        ]
 [0.         1.         0.         ... 0.         0.         0.        ]
 [0.         0.         0.         ... 0.         0.         0.        ]]
Var: [0.93362667 1.07983266 0.25       0.26651005]
P: [0.93197874 0.06165972 0.00106045 0.00530109]
post:
[[1.00000000e+000 1.95686439e-087 0.00000000e+000 0.00000000e+000]
 [9.99999997e-001 2.51047861e-009 1.31004526e-306 2.59216989e-265]
 [9.99983800e-001 1.61998778e-005 6.32629664e-199 9.98578045e-112]
 ...
 [1.00000000e+000 2.57138951e-011 7.04367312e-257 2.75690337e-203]
 [1.00000000e+000 1.06324754e-055 0.00000000e+000 0.00000000e+000]
 [1.00000000e+000 4.46989859e-115 0.00000000e+000 0.00000000e+000]]
LL: -110471.20700829304


Movie Lens 1M :
Mu:
[[0.         0.         0.         ... 0.         0.         0.        ]
 [4.         0.         0.         ... 0.         0.         0.        ]
 [4.14857667 3.19885551 3.0167364  ... 3.66666667 3.9        3.78092784]
 [3.00043415 4.         0.         ... 0.         0.         0.        ]]
Var: [0.25       0.25       0.9429312  0.68312548]
P: [1.65562914e-04 1.65562914e-04 9.97185325e-01 2.48354958e-03]
post:
[[0.00000000e+000 0.00000000e+000 1.00000000e+000 1.77386478e-138]
 [0.00000000e+000 0.00000000e+000 1.00000000e+000 6.49015415e-211]
 [0.00000000e+000 0.00000000e+000 1.00000000e+000 2.34224796e-062]
 ...
 [6.81891891e-248 5.34351445e-115 1.00000000e+000 4.88724265e-047]
 [0.00000000e+000 0.00000000e+000 1.00000000e+000 6.67086848e-252]
 [0.00000000e+000 0.00000000e+000 1.00000000e+000 0.00000000e+000]]
LL: -1389229.8316654172



Netflix 1200:
Mu:
[[3.         3.5        4.5        ... 3.         4.         3.5       ]
 [3.26447147 4.08061597 4.76424666 ... 3.81625297 4.61607919 3.95648291]
 [0.         4.         4.         ... 0.         0.         3.        ]
 ...
 [2.         4.         5.         ... 4.         3.         0.        ]
 [0.         4.         5.         ... 5.         5.         4.        ]
 [1.94025366 3.51927817 4.80022863 ... 3.80126907 3.40313322 2.84692509]]
Var: [0.25       0.64485796 0.25       0.89701336 0.25       0.25
 0.78406888 0.68969854 0.25       0.25       0.25       0.70107424]
P: [0.00166667 0.1648661  0.00083333 0.10608492 0.00083333 0.00083333
 0.22834031 0.28326725 0.00083333 0.00083333 0.00083333 0.21077475]
post:
[[0.00000000e+000 1.46313075e-054 0.00000000e+000 ... 0.00000000e+000
  0.00000000e+000 4.65283226e-094]
 [0.00000000e+000 1.49162391e-068 0.00000000e+000 ... 0.00000000e+000
  0.00000000e+000 4.22686470e-153]
 [0.00000000e+000 0.00000000e+000 0.00000000e+000 ... 0.00000000e+000
  0.00000000e+000 1.00000000e+000]
 ...
 [0.00000000e+000 0.00000000e+000 0.00000000e+000 ... 0.00000000e+000
  0.00000000e+000 1.00000000e+000]
 [0.00000000e+000 5.50963207e-036 0.00000000e+000 ... 0.00000000e+000
  0.00000000e+000 5.21818510e-216]
 [0.00000000e+000 1.33821600e-151 0.00000000e+000 ... 0.00000000e+000
  0.00000000e+000 1.07066995e-099]]
LL: -1390234.422346942

